456.665380676098
551.549629694305
587.895693963947
670.20543289828
780.734798475036
1165.55396238181
1141.77514369784
1462.27961342895
1908.46731796569
1905.46830390503
1898.06972824119
2317.33414681263
2333.42935866686
2245.12884428265
2242.92595589333
2259.40980665976
1991.20875488977
1865.88648420162
1762.52763642409
1527.20646999603
1764.6854446588
2906.44183612913
3397.08100367435
4747.03945599591
5149.32058383914
5788.12538055587
3321.32646242858
3275.69434668174
3813.02261788174
2950.11698657351
3287.07364325989
2546.50780871224
2734.61175861508
2466.59510637656
2554.28757591507
2282.87671151024
2804.95474691295
1964.87008365613
2086.77460208954
3289.64267203496
2435.08215472613
2057.13208106916
2989.40091447967
2707.86990901327
1882.5771068364
1982.67590540337
1888.49344192901
1870.12984909517
1760.31534820447
1778.54177940749
1778.81132316204
1740.03294923084
1611.58874167638
1705.51191382772
1419.49749165797
1499.5781523444
1955.25313720048
1465.39122707972
1387.47859725613
1515.94168332762
2086.21706239365
1629.74811104051
1407.29513357362
1379.31644833813
1353.93079156371
1469.90495827162
1546.30273738838
1239.50632979426
1371.15871449388
1168.83011320891
1235.32870124953
1088.80007904875
1125.86758250238
1070.78761143317
937.368470671298
862.501261662122
726.385474230635
782.115183006501
657.209341573802
640.478757332023
598.477673984792
0
